Dip_I_A,y_pos_mm
2.371,-2.811637
2.278,-4.023143
2.181,-5.466812
2.076,-7.090669
1.963,-8.824708
1.868,-10.06973
1.768,-11.37569
1.678,-12.95893
1.568,-14.34587
1.477,-15.63977
1.372,-17.17929

Fit Name: untitled fit 1

Polynomial Curve Fit (poly1)
f(x) = p1*x + p2

Aufpassen 2 Sigma

Coefficients and 95% Confidence Bounds
       Value       Lower       Upper   
p1    14.4384     14.2273     14.6494 
p2    -37.0197    -37.4206    -36.6188


horizontale messung: 0.9-1.9
strom, x_rms
0.923 0.638175
1.023 0.516351
1.121 0.434130
1.221 0.388772
1.316 0.363201
1.419 0.388798
1.519 0.439333
1.621 0.494053
1.724 0.544843
1.812 0.535492
1.919 0.505021

Ax
    0.0293   -0.1312    0.1470
    0.0874   -0.2237    0.1432
    0.1755   -0.3129    0.1395
    0.2927   -0.3989    0.1359
    0.4384   -0.4816    0.1323
    0.6116   -0.5613    0.1288
    0.8115   -0.6379    0.1253
    1.0375   -0.7115    0.1220
    1.2887   -0.7821    0.1187
    1.5643   -0.8497    0.1154
    1.8637   -0.9145    0.1122

x=(Ax'*Ax)^-1*Ax'*b

x =   1.0e-05 * (    0.0421, 0.0869, 0.3054)

emitt=sqrt(x(1)*x(3)-x(2)^2)

emitt = 7.2867e-07 = 0.728 mm.mrad
*****************************************************************
vertikale messung: negative ströme -0.9 bis -1.9
strom, y_rms
-0.908 0.775577
-1.004 0.832959
-1.104 0.693442
-1.206 0.604762
-1.306 0.554150
-1.404 0.576056
-1.509 0.644182
-1.607 0.742516
-1.709 0.871134
-1.802 0.976145
-1.902 1.160084

Ay
    0.0293   -0.1312    0.1470
    0.0874   -0.2237    0.1432
    0.1755   -0.3129    0.1395
    0.2927   -0.3989    0.1359
    0.4384   -0.4816    0.1323
    0.6116   -0.5613    0.1288
    0.8115   -0.6379    0.1253
    1.0375   -0.7115    0.1220
    1.2887   -0.7821    0.1187
    1.5643   -0.8497    0.1154
    1.8637   -0.9145    0.1122

 x=(Ay'*Ay)^-1*Ay'*b

x =  1.0e-05 * (    0.1615, 0.2779, 0.7218)

emitt=sqrt(x(1)*x(3)-x(2)^2)

emitt = 1.9832e-06 


////

z_pos[cm], x_rms [mm], y_rms [mm]
176.5	1.469368	3.270433
233	1.675064	3.765737	
288	1.885123	1.381060
343.5	0.416260	2.914094
eingang quadrupol: [cm], <x^2>[e-05 m],<y^2>[e-05 m]
140	0.0421	0.1615	



--------------------------------------------------------------------------

tag 2

x-werte (horizontal abgetastet/fokussiert): mit V102MATCH
I_D: linke rechte kante vom schirm checken, dann komplett (10 messungen dazwischen)

I_Q_1:-0.344
I_D	<x>
-1.568	2.381327
-1.492	1.701390
-1.407	0.543287
-1.309	-0.559225
-1.192	-1.598436
-1.096	-2.668805
-0.989	-3.962848
-0.891	-5.083899
-0.789	-6.339732
-0.694	-7.617045
-0.505	-9.388490

I_Q_2: 0.657
I_D	<x>
-0.806	-8.137709
-0.904	-6.398327
-1.009	-4.906813
-1.101	-3.324318
-1.194	-1.858580
-1.294	-0.200311
-1.394	1.271396
-1.455	1.971100

Schnittpunkt bei I_D =-1.236
I_Q	<x>
-0.342	-1.470172
-0.247	-1.435137
-0.149	-1.547972
-0.046	-1.603483
0.056	-1.400256
0.151	-1.516494
0.254	-1.363436
0.352	-1.541525
0.444	-1.455577
0.547	-1.573190
0.657	-1.319472


---

y_werte ( vertikal ausgerichtet/fokussiert) mit Q113MATCH

I_Q_1: 1.685
I_D	<y>
0.501	10.871612
0.305	9.889948
0.149	8.801943
-0.056	7.534783
-0.259	6.131194
-0.457	4.694049
-0.657	3.211998
-0.852	1.706693
-1.060	0.281157
-1.258	-1.190804
-1.458	-2.742777
-1.661	-4.065295
-1.861	-5.466554
-2.054	-6.642288
-2.254	-7.936796
-2.303	-7.715350

I_Q_2: 2.703
I_D	<y>
-2.816	-4.931521
-2.615	-3.839596
-2.410	-3.017802
-2.208	-2.195475
-2.022	-1.261315
-1.812	-0.548561
-1.619	0.172940
-1.414	0.648720
-1.214	1.454827
-1.018	2.047659
-0.825	2.478990
-0.613	3.106047
-0.425	3.716454
-0.220	4.340098
-0.002	4.959453
0.186	5.699637
0.393	6.337515
0.586	7.170582
0.789	7.937646
0.987	8.636715
1.192	9.554739

Schnittpunkt bei I_D=-0.777
I_Q	<y>
1.685	2.742641
1.773	2.801394
1.900	2.779676
1.966	2.791666
2.095	2.826833
2.176	2.808116
2.281	2.835512
2.376	2.855125
2.469	2.802748
2.567	2.883961
2.681	2.794510
2.703	2.875665




